{
 "cells": [
  {
   "cell_type": "code",
   "id": "initial_id",
   "metadata": {
    "collapsed": true,
    "ExecuteTime": {
     "end_time": "2025-02-11T02:50:02.104159Z",
     "start_time": "2025-02-11T02:50:02.100916Z"
    }
   },
   "source": [
    "import numpy as np\n",
    "from scipy.spatial.transform import Rotation as Rot\n",
    "from pathlib import Path\n",
    "R = 50.0\n",
    "Y = 300.0\n",
    "X = 50\n",
    "P = Y / (2*np.pi * R**2)\n",
    "L = R * np.arccos(1 - P)"
   ],
   "outputs": [],
   "execution_count": 149
  },
  {
   "metadata": {
    "ExecuteTime": {
     "end_time": "2025-02-11T02:50:02.114327Z",
     "start_time": "2025-02-11T02:50:02.110837Z"
    }
   },
   "cell_type": "code",
   "source": [
    "gold = (1 + np.sqrt(5)) / 2\n",
    "idx = np.arange(0, X, dtype=float) + 0.5\n",
    "theta = np.arccos(1 - 2 * idx / X)\n",
    "phi = np.pi * (1 + np.sqrt(5)) * idx\n",
    "centers = np.column_stack((np.full(X, R), theta, phi))\n",
    "print(centers[:, 0] * np.sin(centers[:, 1]) * np.sin(centers[:, 2]))"
   ],
   "id": "a4f8344f7b0b121f",
   "outputs": [
    {
     "name": "stdout",
     "output_type": "stream",
     "text": [
      "[ -9.27360553   7.54798952   6.09164325 -21.80654114  28.07168512\n",
      " -18.52027398  -3.63178331  26.82210963 -37.55525983  28.3733029\n",
      "  -2.72174983 -26.28971752  42.78608978 -36.95893933  10.87186618\n",
      "  22.16019041 -44.49195343  43.70300626 -19.55550659 -15.55610954\n",
      "  43.0544593  -48.12286944  27.76526094   7.43534208 -38.88232886\n",
      "  49.89396638 -34.64260333   1.27061461  32.49861954 -48.86920653\n",
      "  39.45319452  -9.62108397 -24.56408671  45.0825695  -41.57493507\n",
      "  16.64931428  15.88592894 -38.73790762  40.4629055  -21.31614199\n",
      "  -7.44213567  30.16731751 -35.5167097   22.32268311   0.49392287\n",
      " -19.66200667  25.44905238 -17.08464218   2.70578138   5.47223751]\n"
     ]
    }
   ],
   "execution_count": 150
  },
  {
   "metadata": {
    "ExecuteTime": {
     "end_time": "2025-02-11T02:50:02.755288Z",
     "start_time": "2025-02-11T02:50:02.129317Z"
    }
   },
   "cell_type": "code",
   "source": [
    "res = 1.5 * Y\n",
    "r_c = L/R\n",
    "patches = []\n",
    "for (R, p_i, a_i) in centers:\n",
    "\n",
    "    inc = r_c/ (np.sqrt(res) - 1)\n",
    "    for p in range(int(np.sqrt(res))):\n",
    "        po = p * inc - r_c/2\n",
    "        for j in range(int(np.sqrt(res))):\n",
    "            inc_2 = 2*np.pi/ (int(np.sqrt(res)))\n",
    "            az = j * inc_2\n",
    "            pos: np.ndarray  = np.array([[R * np.cos(az)  * np.sin(po)], [R * np.sin(az) * np.sin(po)], [R * np.cos(po)]])\n",
    "            r = np.array(Rot.from_rotvec([0, p_i , 0]).as_matrix())\n",
    "            pos_n: np.array = r @ pos\n",
    "            r = np.array(Rot.from_rotvec([0, 0, a_i]).as_matrix())\n",
    "            pos_n = r @ pos_n\n",
    "            if p < 5:\n",
    "                print(\"---------\")\n",
    "                print(r)\n",
    "                print(p_i * 180/np.pi)\n",
    "                print(pos[1])\n",
    "                print(pos_n[1][0])\n",
    "            patches.append([pos_n[0][0], pos_n[1][0], pos_n[2][0]])\n",
    "patches = np.array(patches)\n",
    "\n"
   ],
   "id": "f6f6c6f0d82d0ff4",
   "outputs": [
    {
     "name": "stdout",
     "output_type": "stream",
     "text": [
      "---------\n",
      "[[ 0.36237489  0.93203242  0.        ]\n",
      " [-0.93203242  0.36237489  0.        ]\n",
      " [ 0.          0.          1.        ]]\n",
      "11.478340954533579\n",
      "[-0.]\n",
      "-4.766365949924068\n",
      "---------\n",
      "[[ 0.36237489  0.93203242  0.        ]\n",
      " [-0.93203242  0.36237489  0.        ]\n",
      " [ 0.          0.          1.        ]]\n",
      "11.478340954533579\n",
      "[-1.44018119]\n",
      "-5.486523581790295\n",
      "---------\n",
      "[[ 0.36237489  0.93203242  0.        ]\n",
      " [-0.93203242  0.36237489  0.        ]\n",
      " [ 0.          0.          1.        ]]\n",
      "11.478340954533579\n",
      "[-2.75239595]\n",
      "-6.539236313394288\n",
      "---------\n",
      "[[ 0.36237489  0.93203242  0.        ]\n",
      " [-0.93203242  0.36237489  0.        ]\n",
      " [ 0.          0.          1.        ]]\n",
      "11.478340954533579\n",
      "[-3.82004826]\n",
      "-7.8309659987793\n",
      "---------\n",
      "[[ 0.36237489  0.93203242  0.        ]\n",
      " [-0.93203242  0.36237489  0.        ]\n",
      " [ 0.          0.          1.        ]]\n",
      "11.478340954533579\n",
      "[-4.54827252]\n",
      "-9.246936786736516\n",
      "---------\n",
      "[[ 0.36237489  0.93203242  0.        ]\n",
      " [-0.93203242  0.36237489  0.        ]\n",
      " [ 0.          0.          1.        ]]\n",
      "11.478340954533579\n",
      "[-4.8723628]\n",
      "-10.661333458870486\n",
      "---------\n",
      "[[ 0.36237489  0.93203242  0.        ]\n",
      " [-0.93203242  0.36237489  0.        ]\n",
      " [ 0.          0.          1.        ]]\n",
      "11.478340954533579\n",
      "[-4.76352227]\n",
      "-11.94848066388454\n",
      "---------\n",
      "[[ 0.36237489  0.93203242  0.        ]\n",
      " [-0.93203242  0.36237489  0.        ]\n",
      " [ 0.          0.          1.        ]]\n",
      "11.478340954533579\n",
      "[-4.23142188]\n",
      "-12.994009724060716\n",
      "---------\n",
      "[[ 0.36237489  0.93203242  0.        ]\n",
      " [-0.93203242  0.36237489  0.        ]\n",
      " [ 0.          0.          1.        ]]\n",
      "11.478340954533579\n",
      "[-3.32334108]\n",
      "-13.705020794173642\n",
      "---------\n",
      "[[ 0.36237489  0.93203242  0.        ]\n",
      " [-0.93203242  0.36237489  0.        ]\n",
      " [ 0.          0.          1.        ]]\n",
      "11.478340954533579\n",
      "[-2.11996685]\n",
      "-14.018337420423103\n",
      "---------\n",
      "[[ 0.36237489  0.93203242  0.        ]\n",
      " [-0.93203242  0.36237489  0.        ]\n",
      " [ 0.          0.          1.        ]]\n",
      "11.478340954533579\n",
      "[-0.72822426]\n",
      "-13.906120045599463\n",
      "---------\n",
      "[[ 0.36237489  0.93203242  0.        ]\n",
      " [-0.93203242  0.36237489  0.        ]\n",
      " [ 0.          0.          1.        ]]\n",
      "11.478340954533579\n",
      "[0.72822426]\n",
      "-13.378339675913645\n",
      "---------\n",
      "[[ 0.36237489  0.93203242  0.        ]\n",
      " [-0.93203242  0.36237489  0.        ]\n",
      " [ 0.          0.          1.        ]]\n",
      "11.478340954533579\n",
      "[2.11996685]\n",
      "-12.481891913338238\n",
      "---------\n",
      "[[ 0.36237489  0.93203242  0.        ]\n",
      " [-0.93203242  0.36237489  0.        ]\n",
      " [ 0.          0.          1.        ]]\n",
      "11.478340954533579\n",
      "[3.32334108]\n",
      "-11.296430075574271\n",
      "---------\n",
      "[[ 0.36237489  0.93203242  0.        ]\n",
      " [-0.93203242  0.36237489  0.        ]\n",
      " [ 0.          0.          1.        ]]\n",
      "11.478340954533579\n",
      "[4.23142188]\n",
      "-9.927287649220661\n",
      "---------\n",
      "[[ 0.36237489  0.93203242  0.        ]\n",
      " [-0.93203242  0.36237489  0.        ]\n",
      " [ 0.          0.          1.        ]]\n",
      "11.478340954533579\n",
      "[4.76352227]\n",
      "-8.49611894724151\n",
      "---------\n",
      "[[ 0.36237489  0.93203242  0.        ]\n",
      " [-0.93203242  0.36237489  0.        ]\n",
      " [ 0.          0.          1.        ]]\n",
      "11.478340954533579\n",
      "[4.8723628]\n",
      "-7.130089589388055\n",
      "---------\n",
      "[[ 0.36237489  0.93203242  0.        ]\n",
      " [-0.93203242  0.36237489  0.        ]\n",
      " [ 0.          0.          1.        ]]\n",
      "11.478340954533579\n",
      "[4.54827252]\n",
      "-5.950577278826679\n",
      "---------\n",
      "[[ 0.36237489  0.93203242  0.        ]\n",
      " [-0.93203242  0.36237489  0.        ]\n",
      " [ 0.          0.          1.        ]]\n",
      "11.478340954533579\n",
      "[3.82004826]\n",
      "-5.062386860555281\n",
      "---------\n",
      "[[ 0.36237489  0.93203242  0.        ]\n",
      " [-0.93203242  0.36237489  0.        ]\n",
      " [ 0.          0.          1.        ]]\n",
      "11.478340954533579\n",
      "[2.75239595]\n",
      "-4.5444379509967225\n",
      "---------\n",
      "[[ 0.36237489  0.93203242  0.        ]\n",
      " [-0.93203242  0.36237489  0.        ]\n",
      " [ 0.          0.          1.        ]]\n",
      "11.478340954533579\n",
      "[1.44018119]\n",
      "-4.442752583746633\n",
      "---------\n",
      "[[ 0.36237489  0.93203242  0.        ]\n",
      " [-0.93203242  0.36237489  0.        ]\n",
      " [ 0.          0.          1.        ]]\n",
      "11.478340954533579\n",
      "[-0.]\n",
      "-5.215078890015059\n",
      "---------\n",
      "[[ 0.36237489  0.93203242  0.        ]\n",
      " [-0.93203242  0.36237489  0.        ]\n",
      " [ 0.          0.          1.        ]]\n",
      "11.478340954533579\n",
      "[-1.29807215]\n",
      "-5.864175387510974\n",
      "---------\n",
      "[[ 0.36237489  0.93203242  0.        ]\n",
      " [-0.93203242  0.36237489  0.        ]\n",
      " [ 0.          0.          1.        ]]\n",
      "11.478340954533579\n",
      "[-2.48080489]\n",
      "-6.8130123042048405\n",
      "---------\n",
      "[[ 0.36237489  0.93203242  0.        ]\n",
      " [-0.93203242  0.36237489  0.        ]\n",
      " [ 0.          0.          1.        ]]\n",
      "11.478340954533579\n",
      "[-3.44310723]\n",
      "-7.9772813161461835\n",
      "---------\n",
      "[[ 0.36237489  0.93203242  0.        ]\n",
      " [-0.93203242  0.36237489  0.        ]\n",
      " [ 0.          0.          1.        ]]\n",
      "11.478340954533579\n",
      "[-4.09947438]\n",
      "-9.253532012313613\n",
      "---------\n",
      "[[ 0.36237489  0.93203242  0.        ]\n",
      " [-0.93203242  0.36237489  0.        ]\n",
      " [ 0.          0.          1.        ]]\n",
      "11.478340954533579\n",
      "[-4.39158524]\n",
      "-10.52836391761872\n",
      "---------\n",
      "[[ 0.36237489  0.93203242  0.        ]\n",
      " [-0.93203242  0.36237489  0.        ]\n",
      " [ 0.          0.          1.        ]]\n",
      "11.478340954533579\n",
      "[-4.29348449]\n",
      "-11.688502622767471\n",
      "---------\n",
      "[[ 0.36237489  0.93203242  0.        ]\n",
      " [-0.93203242  0.36237489  0.        ]\n",
      " [ 0.          0.          1.        ]]\n",
      "11.478340954533579\n",
      "[-3.81388879]\n",
      "-12.630864712622559\n",
      "---------\n",
      "[[ 0.36237489  0.93203242  0.        ]\n",
      " [-0.93203242  0.36237489  0.        ]\n",
      " [ 0.          0.          1.        ]]\n",
      "11.478340954533579\n",
      "[-2.99541234]\n",
      "-13.271717180012436\n",
      "---------\n",
      "[[ 0.36237489  0.93203242  0.        ]\n",
      " [-0.93203242  0.36237489  0.        ]\n",
      " [ 0.          0.          1.        ]]\n",
      "11.478340954533579\n",
      "[-1.91078036]\n",
      "-13.554117470874784\n",
      "---------\n",
      "[[ 0.36237489  0.93203242  0.        ]\n",
      " [-0.93203242  0.36237489  0.        ]\n",
      " [ 0.          0.          1.        ]]\n",
      "11.478340954533579\n",
      "[-0.65636715]\n",
      "-13.452973080073216\n",
      "---------\n",
      "[[ 0.36237489  0.93203242  0.        ]\n",
      " [-0.93203242  0.36237489  0.        ]\n",
      " [ 0.          0.          1.        ]]\n",
      "11.478340954533579\n",
      "[0.65636715]\n",
      "-12.9772711305953\n",
      "---------\n",
      "[[ 0.36237489  0.93203242  0.        ]\n",
      " [-0.93203242  0.36237489  0.        ]\n",
      " [ 0.          0.          1.        ]]\n",
      "11.478340954533579\n",
      "[1.91078036]\n",
      "-12.169279828235773\n",
      "---------\n",
      "[[ 0.36237489  0.93203242  0.        ]\n",
      " [-0.93203242  0.36237489  0.        ]\n",
      " [ 0.          0.          1.        ]]\n",
      "11.478340954533579\n",
      "[2.99541234]\n",
      "-11.1007927460207\n",
      "---------\n",
      "[[ 0.36237489  0.93203242  0.        ]\n",
      " [-0.93203242  0.36237489  0.        ]\n",
      " [ 0.          0.          1.        ]]\n",
      "11.478340954533579\n",
      "[3.81388879]\n",
      "-9.866749650183223\n",
      "---------\n",
      "[[ 0.36237489  0.93203242  0.        ]\n",
      " [-0.93203242  0.36237489  0.        ]\n",
      " [ 0.          0.          1.        ]]\n",
      "11.478340954533579\n",
      "[4.29348449]\n",
      "-8.576800685297435\n",
      "---------\n",
      "[[ 0.36237489  0.93203242  0.        ]\n",
      " [-0.93203242  0.36237489  0.        ]\n",
      " [ 0.          0.          1.        ]]\n",
      "11.478340954533579\n",
      "[4.39158524]\n",
      "-7.345563477741221\n",
      "---------\n",
      "[[ 0.36237489  0.93203242  0.        ]\n",
      " [-0.93203242  0.36237489  0.        ]\n",
      " [ 0.          0.          1.        ]]\n",
      "11.478340954533579\n",
      "[4.09947438]\n",
      "-6.282438856601446\n",
      "---------\n",
      "[[ 0.36237489  0.93203242  0.        ]\n",
      " [-0.93203242  0.36237489  0.        ]\n",
      " [ 0.          0.          1.        ]]\n",
      "11.478340954533579\n",
      "[3.44310723]\n",
      "-5.481890109911934\n",
      "---------\n",
      "[[ 0.36237489  0.93203242  0.        ]\n",
      " [-0.93203242  0.36237489  0.        ]\n",
      " [ 0.          0.          1.        ]]\n",
      "11.478340954533579\n",
      "[2.48080489]\n",
      "-5.015049506966356\n",
      "---------\n",
      "[[ 0.36237489  0.93203242  0.        ]\n",
      " [-0.93203242  0.36237489  0.        ]\n",
      " [ 0.          0.          1.        ]]\n",
      "11.478340954533579\n",
      "[1.29807215]\n",
      "-4.9233978840326715\n",
      "---------\n",
      "[[ 0.36237489  0.93203242  0.        ]\n",
      " [-0.93203242  0.36237489  0.        ]\n",
      " [ 0.          0.          1.        ]]\n",
      "11.478340954533579\n",
      "[-0.]\n",
      "-5.663302720901519\n",
      "---------\n",
      "[[ 0.36237489  0.93203242  0.        ]\n",
      " [-0.93203242  0.36237489  0.        ]\n",
      " [ 0.          0.          1.        ]]\n",
      "11.478340954533579\n",
      "[-1.15584137]\n",
      "-6.241277206890215\n",
      "---------\n",
      "[[ 0.36237489  0.93203242  0.        ]\n",
      " [-0.93203242  0.36237489  0.        ]\n",
      " [ 0.          0.          1.        ]]\n",
      "11.478340954533579\n",
      "[-2.20898115]\n",
      "-7.086149319632879\n",
      "---------\n",
      "[[ 0.36237489  0.93203242  0.        ]\n",
      " [-0.93203242  0.36237489  0.        ]\n",
      " [ 0.          0.          1.        ]]\n",
      "11.478340954533579\n",
      "[-3.06584327]\n",
      "-8.12284846425213\n",
      "---------\n",
      "[[ 0.36237489  0.93203242  0.        ]\n",
      " [-0.93203242  0.36237489  0.        ]\n",
      " [ 0.          0.          1.        ]]\n",
      "11.478340954533579\n",
      "[-3.65029176]\n",
      "-9.25925937226928\n",
      "---------\n",
      "[[ 0.36237489  0.93203242  0.        ]\n",
      " [-0.93203242  0.36237489  0.        ]\n",
      " [ 0.          0.          1.        ]]\n",
      "11.478340954533579\n",
      "[-3.91039581]\n",
      "-10.394406947449882\n",
      "---------\n",
      "[[ 0.36237489  0.93203242  0.        ]\n",
      " [-0.93203242  0.36237489  0.        ]\n",
      " [ 0.          0.          1.        ]]\n",
      "11.478340954533579\n",
      "[-3.82304403]\n",
      "-11.427428346226055\n",
      "---------\n",
      "[[ 0.36237489  0.93203242  0.        ]\n",
      " [-0.93203242  0.36237489  0.        ]\n",
      " [ 0.          0.          1.        ]]\n",
      "11.478340954533579\n",
      "[-3.39599801]\n",
      "-12.266535083976795\n",
      "---------\n",
      "[[ 0.36237489  0.93203242  0.        ]\n",
      " [-0.93203242  0.36237489  0.        ]\n",
      " [ 0.          0.          1.        ]]\n",
      "11.478340954533579\n",
      "[-2.66720266]\n",
      "-12.837168844693679\n",
      "---------\n",
      "[[ 0.36237489  0.93203242  0.        ]\n",
      " [-0.93203242  0.36237489  0.        ]\n",
      " [ 0.          0.          1.        ]]\n",
      "11.478340954533579\n",
      "[-1.70141466]\n",
      "-13.088626314552004\n",
      "---------\n",
      "[[ 0.36237489  0.93203242  0.        ]\n",
      " [-0.93203242  0.36237489  0.        ]\n",
      " [ 0.          0.          1.        ]]\n",
      "11.478340954533579\n",
      "[-0.58444849]\n",
      "-12.998564393851924\n",
      "---------\n",
      "[[ 0.36237489  0.93203242  0.        ]\n",
      " [-0.93203242  0.36237489  0.        ]\n",
      " [ 0.          0.          1.        ]]\n",
      "11.478340954533579\n",
      "[0.58444849]\n",
      "-12.574985479477872\n",
      "---------\n",
      "[[ 0.36237489  0.93203242  0.        ]\n",
      " [-0.93203242  0.36237489  0.        ]\n",
      " [ 0.          0.          1.        ]]\n",
      "11.478340954533579\n",
      "[1.70141466]\n",
      "-11.855526416817431\n",
      "---------\n",
      "[[ 0.36237489  0.93203242  0.        ]\n",
      " [-0.93203242  0.36237489  0.        ]\n",
      " [ 0.          0.          1.        ]]\n",
      "11.478340954533579\n",
      "[2.66720266]\n",
      "-10.904114300882075\n",
      "---------\n",
      "[[ 0.36237489  0.93203242  0.        ]\n",
      " [-0.93203242  0.36237489  0.        ]\n",
      " [ 0.          0.          1.        ]]\n",
      "11.478340954533579\n",
      "[3.39599801]\n",
      "-9.805286273375957\n",
      "---------\n",
      "[[ 0.36237489  0.93203242  0.        ]\n",
      " [-0.93203242  0.36237489  0.        ]\n",
      " [ 0.          0.          1.        ]]\n",
      "11.478340954533579\n",
      "[3.82304403]\n",
      "-8.656678026670377\n",
      "---------\n",
      "[[ 0.36237489  0.93203242  0.        ]\n",
      " [-0.93203242  0.36237489  0.        ]\n",
      " [ 0.          0.          1.        ]]\n",
      "11.478340954533579\n",
      "[3.91039581]\n",
      "-7.560348444069388\n",
      "---------\n",
      "[[ 0.36237489  0.93203242  0.        ]\n",
      " [-0.93203242  0.36237489  0.        ]\n",
      " [ 0.          0.          1.        ]]\n",
      "11.478340954533579\n",
      "[3.65029176]\n",
      "-6.613711220150216\n",
      "---------\n",
      "[[ 0.36237489  0.93203242  0.        ]\n",
      " [-0.93203242  0.36237489  0.        ]\n",
      " [ 0.          0.          1.        ]]\n",
      "11.478340954533579\n",
      "[3.06584327]\n",
      "-5.900879226507118\n",
      "---------\n",
      "[[ 0.36237489  0.93203242  0.        ]\n",
      " [-0.93203242  0.36237489  0.        ]\n",
      " [ 0.          0.          1.        ]]\n",
      "11.478340954533579\n",
      "[2.20898115]\n",
      "-5.485190713986956\n",
      "---------\n",
      "[[ 0.36237489  0.93203242  0.        ]\n",
      " [-0.93203242  0.36237489  0.        ]\n",
      " [ 0.          0.          1.        ]]\n",
      "11.478340954533579\n",
      "[1.15584137]\n",
      "-5.403581431146142\n",
      "---------\n",
      "[[ 0.36237489  0.93203242  0.        ]\n",
      " [-0.93203242  0.36237489  0.        ]\n",
      " [ 0.          0.          1.        ]]\n",
      "11.478340954533579\n",
      "[-0.]\n",
      "-6.1109954047914945\n",
      "---------\n",
      "[[ 0.36237489  0.93203242  0.        ]\n",
      " [-0.93203242  0.36237489  0.        ]\n",
      " [ 0.          0.          1.        ]]\n",
      "11.478340954533579\n",
      "[-1.01350218]\n",
      "-6.617793672491629\n",
      "---------\n",
      "[[ 0.36237489  0.93203242  0.        ]\n",
      " [-0.93203242  0.36237489  0.        ]\n",
      " [ 0.          0.          1.        ]]\n",
      "11.478340954533579\n",
      "[-1.93695024]\n",
      "-7.3586217428409295\n",
      "---------\n",
      "[[ 0.36237489  0.93203242  0.        ]\n",
      " [-0.93203242  0.36237489  0.        ]\n",
      " [ 0.          0.          1.        ]]\n",
      "11.478340954533579\n",
      "[-2.68829178]\n",
      "-8.267653790718423\n",
      "---------\n",
      "[[ 0.36237489  0.93203242  0.        ]\n",
      " [-0.93203242  0.36237489  0.        ]\n",
      " [ 0.          0.          1.        ]]\n",
      "11.478340954533579\n",
      "[-3.20076679]\n",
      "-9.26411832944876\n",
      "---------\n",
      "[[ 0.36237489  0.93203242  0.        ]\n",
      " [-0.93203242  0.36237489  0.        ]\n",
      " [ 0.          0.          1.        ]]\n",
      "11.478340954533579\n",
      "[-3.42883963]\n",
      "-10.259475111853146\n",
      "---------\n",
      "[[ 0.36237489  0.93203242  0.        ]\n",
      " [-0.93203242  0.36237489  0.        ]\n",
      " [ 0.          0.          1.        ]]\n",
      "11.478340954533579\n",
      "[-3.35224502]\n",
      "-11.165282319763655\n",
      "---------\n",
      "[[ 0.36237489  0.93203242  0.        ]\n",
      " [-0.93203242  0.36237489  0.        ]\n",
      " [ 0.          0.          1.        ]]\n",
      "11.478340954533579\n",
      "[-2.97778873]\n",
      "-11.901055007687985\n",
      "---------\n",
      "[[ 0.36237489  0.93203242  0.        ]\n",
      " [-0.93203242  0.36237489  0.        ]\n",
      " [ 0.          0.          1.        ]]\n",
      "11.478340954533579\n",
      "[-2.33874284]\n",
      "-12.401416543418796\n",
      "---------\n",
      "[[ 0.36237489  0.93203242  0.        ]\n",
      " [-0.93203242  0.36237489  0.        ]\n",
      " [ 0.          0.          1.        ]]\n",
      "11.478340954533579\n",
      "[-1.49188938]\n",
      "-12.621907608705975\n",
      "---------\n",
      "[[ 0.36237489  0.93203242  0.        ]\n",
      " [-0.93203242  0.36237489  0.        ]\n",
      " [ 0.          0.          1.        ]]\n",
      "11.478340954533579\n",
      "[-0.51247501]\n",
      "-12.542936604789654\n",
      "---------\n",
      "[[ 0.36237489  0.93203242  0.        ]\n",
      " [-0.93203242  0.36237489  0.        ]\n",
      " [ 0.          0.          1.        ]]\n",
      "11.478340954533579\n",
      "[0.51247501]\n",
      "-12.17152045192634\n",
      "---------\n",
      "[[ 0.36237489  0.93203242  0.        ]\n",
      " [-0.93203242  0.36237489  0.        ]\n",
      " [ 0.          0.          1.        ]]\n",
      "11.478340954533579\n",
      "[1.49188938]\n",
      "-11.540661105230878\n",
      "---------\n",
      "[[ 0.36237489  0.93203242  0.        ]\n",
      " [-0.93203242  0.36237489  0.        ]\n",
      " [ 0.          0.          1.        ]]\n",
      "11.478340954533579\n",
      "[2.33874284]\n",
      "-10.706413186137805\n",
      "---------\n",
      "[[ 0.36237489  0.93203242  0.        ]\n",
      " [-0.93203242  0.36237489  0.        ]\n",
      " [ 0.          0.          1.        ]]\n",
      "11.478340954533579\n",
      "[2.97778873]\n",
      "-9.742903283295231\n",
      "---------\n",
      "[[ 0.36237489  0.93203242  0.        ]\n",
      " [-0.93203242  0.36237489  0.        ]\n",
      " [ 0.          0.          1.        ]]\n",
      "11.478340954533579\n",
      "[3.35224502]\n",
      "-8.735743479864288\n",
      "---------\n",
      "[[ 0.36237489  0.93203242  0.        ]\n",
      " [-0.93203242  0.36237489  0.        ]\n",
      " [ 0.          0.          1.        ]]\n",
      "11.478340954533579\n",
      "[3.42883963]\n",
      "-7.774424344227805\n",
      "---------\n",
      "[[ 0.36237489  0.93203242  0.        ]\n",
      " [-0.93203242  0.36237489  0.        ]\n",
      " [ 0.          0.          1.        ]]\n",
      "11.478340954533579\n",
      "[3.20076679]\n",
      "-6.944363300266632\n",
      "---------\n",
      "[[ 0.36237489  0.93203242  0.        ]\n",
      " [-0.93203242  0.36237489  0.        ]\n",
      " [ 0.          0.          1.        ]]\n",
      "11.478340954533579\n",
      "[2.68829178]\n",
      "-6.319314914399612\n",
      "---------\n",
      "[[ 0.36237489  0.93203242  0.        ]\n",
      " [-0.93203242  0.36237489  0.        ]\n",
      " [ 0.          0.          1.        ]]\n",
      "11.478340954533579\n",
      "[1.93695024]\n",
      "-5.954817478690687\n",
      "---------\n",
      "[[ 0.36237489  0.93203242  0.        ]\n",
      " [-0.93203242  0.36237489  0.        ]\n",
      " [ 0.          0.          1.        ]]\n",
      "11.478340954533579\n",
      "[1.01350218]\n",
      "-5.88325818987325\n",
      "---------\n",
      "[[ 0.36237489  0.93203242  0.        ]\n",
      " [-0.93203242  0.36237489  0.        ]\n",
      " [ 0.          0.          1.        ]]\n",
      "11.478340954533579\n",
      "[-0.]\n",
      "-6.558114953707986\n",
      "---------\n",
      "[[ 0.36237489  0.93203242  0.        ]\n",
      " [-0.93203242  0.36237489  0.        ]\n",
      " [ 0.          0.          1.        ]]\n",
      "11.478340954533579\n",
      "[-0.87106794]\n",
      "-6.993689471777693\n",
      "---------\n",
      "[[ 0.36237489  0.93203242  0.        ]\n",
      " [-0.93203242  0.36237489  0.        ]\n",
      " [ 0.          0.          1.        ]]\n",
      "11.478340954533579\n",
      "[-1.66473767]\n",
      "-7.630404019321957\n",
      "---------\n",
      "[[ 0.36237489  0.93203242  0.        ]\n",
      " [-0.93203242  0.36237489  0.        ]\n",
      " [ 0.          0.          1.        ]]\n",
      "11.478340954533579\n",
      "[-2.31048816]\n",
      "-8.411683714615702\n",
      "---------\n",
      "[[ 0.36237489  0.93203242  0.        ]\n",
      " [-0.93203242  0.36237489  0.        ]\n",
      " [ 0.          0.          1.        ]]\n",
      "11.478340954533579\n",
      "[-2.75094163]\n",
      "-9.268108428142607\n",
      "---------\n",
      "[[ 0.36237489  0.93203242  0.        ]\n",
      " [-0.93203242  0.36237489  0.        ]\n",
      " [ 0.          0.          1.        ]]\n",
      "11.478340954533579\n",
      "[-2.94696187]\n",
      "-10.123581065747857\n",
      "---------\n",
      "[[ 0.36237489  0.93203242  0.        ]\n",
      " [-0.93203242  0.36237489  0.        ]\n",
      " [ 0.          0.          1.        ]]\n",
      "11.478340954533579\n",
      "[-2.88113161]\n",
      "-10.902089129400384\n",
      "---------\n",
      "[[ 0.36237489  0.93203242  0.        ]\n",
      " [-0.93203242  0.36237489  0.        ]\n",
      " [ 0.          0.          1.        ]]\n",
      "11.478340954533579\n",
      "[-2.55930016]\n",
      "-11.534458761218305\n",
      "---------\n",
      "[[ 0.36237489  0.93203242  0.        ]\n",
      " [-0.93203242  0.36237489  0.        ]\n",
      " [ 0.          0.          1.        ]]\n",
      "11.478340954533579\n",
      "[-2.01006367]\n",
      "-11.964501144306167\n",
      "---------\n",
      "[[ 0.36237489  0.93203242  0.        ]\n",
      " [-0.93203242  0.36237489  0.        ]\n",
      " [ 0.          0.          1.        ]]\n",
      "11.478340954533579\n",
      "[-1.28222419]\n",
      "-12.154005125716704\n",
      "---------\n",
      "[[ 0.36237489  0.93203242  0.        ]\n",
      " [-0.93203242  0.36237489  0.        ]\n",
      " [ 0.          0.          1.        ]]\n",
      "11.478340954533579\n",
      "[-0.44045347]\n",
      "-12.086132445077068\n",
      "---------\n",
      "[[ 0.36237489  0.93203242  0.        ]\n",
      " [-0.93203242  0.36237489  0.        ]\n",
      " [ 0.          0.          1.        ]]\n",
      "11.478340954533579\n",
      "[0.44045347]\n",
      "-11.76691388791644\n",
      "---------\n",
      "[[ 0.36237489  0.93203242  0.        ]\n",
      " [-0.93203242  0.36237489  0.        ]\n",
      " [ 0.          0.          1.        ]]\n",
      "11.478340954533579\n",
      "[1.28222419]\n",
      "-11.224713423906106\n",
      "---------\n",
      "[[ 0.36237489  0.93203242  0.        ]\n",
      " [-0.93203242  0.36237489  0.        ]\n",
      " [ 0.          0.          1.        ]]\n",
      "11.478340954533579\n",
      "[2.01006367]\n",
      "-10.507707943680932\n",
      "---------\n",
      "[[ 0.36237489  0.93203242  0.        ]\n",
      " [-0.93203242  0.36237489  0.        ]\n",
      " [ 0.          0.          1.        ]]\n",
      "11.478340954533579\n",
      "[2.55930016]\n",
      "-9.679606530685646\n",
      "---------\n",
      "[[ 0.36237489  0.93203242  0.        ]\n",
      " [-0.93203242  0.36237489  0.        ]\n",
      " [ 0.          0.          1.        ]]\n",
      "11.478340954533579\n",
      "[2.88113161]\n",
      "-8.813989629528075\n",
      "---------\n",
      "[[ 0.36237489  0.93203242  0.        ]\n",
      " [-0.93203242  0.36237489  0.        ]\n",
      " [ 0.          0.          1.        ]]\n",
      "11.478340954533579\n",
      "[2.94696187]\n",
      "-7.987771100573272\n",
      "---------\n",
      "[[ 0.36237489  0.93203242  0.        ]\n",
      " [-0.93203242  0.36237489  0.        ]\n",
      " [ 0.          0.          1.        ]]\n",
      "11.478340954533579\n",
      "[2.75094163]\n",
      "-7.274364085919163\n",
      "---------\n",
      "[[ 0.36237489  0.93203242  0.        ]\n",
      " [-0.93203242  0.36237489  0.        ]\n",
      " [ 0.          0.          1.        ]]\n",
      "11.478340954533579\n",
      "[2.31048816]\n",
      "-6.737157929552889\n",
      "---------\n",
      "[[ 0.36237489  0.93203242  0.        ]\n",
      " [-0.93203242  0.36237489  0.        ]\n",
      " [ 0.          0.          1.        ]]\n",
      "11.478340954533579\n",
      "[1.66473767]\n",
      "-6.423885755957973\n",
      "---------\n",
      "[[ 0.36237489  0.93203242  0.        ]\n",
      " [-0.93203242  0.36237489  0.        ]\n",
      " [ 0.          0.          1.        ]]\n",
      "11.478340954533579\n",
      "[0.87106794]\n",
      "-6.362383172530619\n",
      "---------\n",
      "[[-0.89678282 -0.44247098  0.        ]\n",
      " [ 0.44247098 -0.89678282  0.        ]\n",
      " [ 0.          0.          1.        ]]\n",
      "19.948443588802704\n",
      "[-0.]\n",
      "5.479655199856122\n",
      "---------\n",
      "[[-0.89678282 -0.44247098  0.        ]\n",
      " [ 0.44247098 -0.89678282  0.        ]\n",
      " [ 0.          0.          1.        ]]\n",
      "19.948443588802704\n",
      "[-1.44018119]\n",
      "6.861470286847163\n",
      "---------\n",
      "[[-0.89678282 -0.44247098  0.        ]\n",
      " [ 0.44247098 -0.89678282  0.        ]\n",
      " [ 0.          0.          1.        ]]\n",
      "19.948443588802704\n",
      "[-2.75239595]\n",
      "8.301075715705549\n",
      "---------\n",
      "[[-0.89678282 -0.44247098  0.        ]\n",
      " [ 0.44247098 -0.89678282  0.        ]\n",
      " [ 0.          0.          1.        ]]\n",
      "19.948443588802704\n",
      "[-3.82004826]\n",
      "9.670556226472845\n",
      "---------\n",
      "[[-0.89678282 -0.44247098  0.        ]\n",
      " [ 0.44247098 -0.89678282  0.        ]\n",
      " [ 0.          0.          1.        ]]\n",
      "19.948443588802704\n",
      "[-4.54827252]\n",
      "10.848227465901147\n",
      "---------\n",
      "[[-0.89678282 -0.44247098  0.        ]\n",
      " [ 0.44247098 -0.89678282  0.        ]\n",
      " [ 0.          0.          1.        ]]\n",
      "19.948443588802704\n",
      "[-4.8723628]\n",
      "11.729448176242133\n",
      "---------\n",
      "[[-0.89678282 -0.44247098  0.        ]\n",
      " [ 0.44247098 -0.89678282  0.        ]\n",
      " [ 0.          0.          1.        ]]\n",
      "19.948443588802704\n",
      "[-4.76352227]\n",
      "12.235918030208623\n",
      "---------\n",
      "[[-0.89678282 -0.44247098  0.        ]\n",
      " [ 0.44247098 -0.89678282  0.        ]\n",
      " [ 0.          0.          1.        ]]\n",
      "19.948443588802704\n",
      "[-4.23142188]\n",
      "12.32263495866934\n",
      "---------\n",
      "[[-0.89678282 -0.44247098  0.        ]\n",
      " [ 0.44247098 -0.89678282  0.        ]\n",
      " [ 0.          0.          1.        ]]\n",
      "19.948443588802704\n",
      "[-3.32334108]\n",
      "11.981893781979586\n",
      "---------\n",
      "[[-0.89678282 -0.44247098  0.        ]\n",
      " [ 0.44247098 -0.89678282  0.        ]\n",
      " [ 0.          0.          1.        ]]\n",
      "19.948443588802704\n",
      "[-2.11996685]\n",
      "11.243970849006265\n",
      "---------\n",
      "[[-0.89678282 -0.44247098  0.        ]\n",
      " [ 0.44247098 -0.89678282  0.        ]\n",
      " [ 0.          0.          1.        ]]\n",
      "19.948443588802704\n",
      "[-0.72822426]\n",
      "10.174433850665507\n",
      "---------\n",
      "[[-0.89678282 -0.44247098  0.        ]\n",
      " [ 0.44247098 -0.89678282  0.        ]\n",
      " [ 0.          0.          1.        ]]\n",
      "19.948443588802704\n",
      "[0.72822426]\n",
      "8.868315842845703\n",
      "---------\n",
      "[[-0.89678282 -0.44247098  0.        ]\n",
      " [ 0.44247098 -0.89678282  0.        ]\n",
      " [ 0.          0.          1.        ]]\n",
      "19.948443588802704\n",
      "[2.11996685]\n",
      "7.441671142346113\n",
      "---------\n",
      "[[-0.89678282 -0.44247098  0.        ]\n",
      " [ 0.44247098 -0.89678282  0.        ]\n",
      " [ 0.          0.          1.        ]]\n",
      "19.948443588802704\n",
      "[3.32334108]\n",
      "6.0212633915332665\n",
      "---------\n",
      "[[-0.89678282 -0.44247098  0.        ]\n",
      " [ 0.44247098 -0.89678282  0.        ]\n",
      " [ 0.          0.          1.        ]]\n",
      "19.948443588802704\n",
      "[4.23142188]\n",
      "4.733302052423634\n",
      "---------\n",
      "[[-0.89678282 -0.44247098  0.        ]\n",
      " [ 0.44247098 -0.89678282  0.        ]\n",
      " [ 0.          0.          1.        ]]\n",
      "19.948443588802704\n",
      "[4.76352227]\n",
      "3.692228142122352\n",
      "---------\n",
      "[[-0.89678282 -0.44247098  0.        ]\n",
      " [ 0.44247098 -0.89678282  0.        ]\n",
      " [ 0.          0.          1.        ]]\n",
      "19.948443588802704\n",
      "[4.8723628]\n",
      "2.9905456462372872\n",
      "---------\n",
      "[[-0.89678282 -0.44247098  0.        ]\n",
      " [ 0.44247098 -0.89678282  0.        ]\n",
      " [ 0.          0.          1.        ]]\n",
      "19.948443588802704\n",
      "[4.54827252]\n",
      "2.690602133810746\n",
      "---------\n",
      "[[-0.89678282 -0.44247098  0.        ]\n",
      " [ 0.44247098 -0.89678282  0.        ]\n",
      " [ 0.          0.          1.        ]]\n",
      "19.948443588802704\n",
      "[3.82004826]\n",
      "2.81904890220225\n",
      "---------\n",
      "[[-0.89678282 -0.44247098  0.        ]\n",
      " [ 0.44247098 -0.89678282  0.        ]\n",
      " [ 0.          0.          1.        ]]\n",
      "19.948443588802704\n",
      "[2.75239595]\n",
      "3.3644728923608542\n",
      "---------\n",
      "[[-0.89678282 -0.44247098  0.        ]\n",
      " [ 0.44247098 -0.89678282  0.        ]\n",
      " [ 0.          0.          1.        ]]\n",
      "19.948443588802704\n",
      "[1.44018119]\n",
      "4.2784107892072125\n",
      "---------\n",
      "[[-0.89678282 -0.44247098  0.        ]\n",
      " [ 0.44247098 -0.89678282  0.        ]\n",
      " [ 0.          0.          1.        ]]\n",
      "19.948443588802704\n",
      "[-0.]\n",
      "5.686973026703059\n",
      "---------\n",
      "[[-0.89678282 -0.44247098  0.        ]\n",
      " [ 0.44247098 -0.89678282  0.        ]\n",
      " [ 0.          0.          1.        ]]\n",
      "19.948443588802704\n",
      "[-1.29807215]\n",
      "6.932438315779528\n",
      "---------\n",
      "[[-0.89678282 -0.44247098  0.        ]\n",
      " [ 0.44247098 -0.89678282  0.        ]\n",
      " [ 0.          0.          1.        ]]\n",
      "19.948443588802704\n",
      "[-2.48080489]\n",
      "8.229991518439551\n",
      "---------\n",
      "[[-0.89678282 -0.44247098  0.        ]\n",
      " [ 0.44247098 -0.89678282  0.        ]\n",
      " [ 0.          0.          1.        ]]\n",
      "19.948443588802704\n",
      "[-3.44310723]\n",
      "9.464339338408346\n",
      "---------\n",
      "[[-0.89678282 -0.44247098  0.        ]\n",
      " [ 0.44247098 -0.89678282  0.        ]\n",
      " [ 0.          0.          1.        ]]\n",
      "19.948443588802704\n",
      "[-4.09947438]\n",
      "10.525804555035498\n",
      "---------\n",
      "[[-0.89678282 -0.44247098  0.        ]\n",
      " [ 0.44247098 -0.89678282  0.        ]\n",
      " [ 0.          0.          1.        ]]\n",
      "19.948443588802704\n",
      "[-4.39158524]\n",
      "11.320071325660306\n",
      "---------\n",
      "[[-0.89678282 -0.44247098  0.        ]\n",
      " [ 0.44247098 -0.89678282  0.        ]\n",
      " [ 0.          0.          1.        ]]\n",
      "19.948443588802704\n",
      "[-4.29348449]\n",
      "11.77656556213044\n",
      "---------\n",
      "[[-0.89678282 -0.44247098  0.        ]\n",
      " [ 0.44247098 -0.89678282  0.        ]\n",
      " [ 0.          0.          1.        ]]\n",
      "19.948443588802704\n",
      "[-3.81388879]\n",
      "11.854725748243572\n",
      "---------\n",
      "[[-0.89678282 -0.44247098  0.        ]\n",
      " [ 0.44247098 -0.89678282  0.        ]\n",
      " [ 0.          0.          1.        ]]\n",
      "19.948443588802704\n",
      "[-2.99541234]\n",
      "11.547607008463222\n",
      "---------\n",
      "[[-0.89678282 -0.44247098  0.        ]\n",
      " [ 0.44247098 -0.89678282  0.        ]\n",
      " [ 0.          0.          1.        ]]\n",
      "19.948443588802704\n",
      "[-1.91078036]\n",
      "10.882498190587265\n",
      "---------\n",
      "[[-0.89678282 -0.44247098  0.        ]\n",
      " [ 0.44247098 -0.89678282  0.        ]\n",
      " [ 0.          0.          1.        ]]\n",
      "19.948443588802704\n",
      "[-0.65636715]\n",
      "9.918497131865948\n",
      "---------\n",
      "[[-0.89678282 -0.44247098  0.        ]\n",
      " [ 0.44247098 -0.89678282  0.        ]\n",
      " [ 0.          0.          1.        ]]\n",
      "19.948443588802704\n",
      "[0.65636715]\n",
      "8.741259556815633\n",
      "---------\n",
      "[[-0.89678282 -0.44247098  0.        ]\n",
      " [ 0.44247098 -0.89678282  0.        ]\n",
      " [ 0.          0.          1.        ]]\n",
      "19.948443588802704\n",
      "[1.91078036]\n",
      "7.455388190201545\n",
      "---------\n",
      "[[-0.89678282 -0.44247098  0.        ]\n",
      " [ 0.44247098 -0.89678282  0.        ]\n",
      " [ 0.          0.          1.        ]]\n",
      "19.948443588802704\n",
      "[2.99541234]\n",
      "6.175138345900888\n",
      "---------\n",
      "[[-0.89678282 -0.44247098  0.        ]\n",
      " [ 0.44247098 -0.89678282  0.        ]\n",
      " [ 0.          0.          1.        ]]\n",
      "19.948443588802704\n",
      "[3.81388879]\n",
      "5.0142658408636835\n",
      "---------\n",
      "[[-0.89678282 -0.44247098  0.        ]\n",
      " [ 0.44247098 -0.89678282  0.        ]\n",
      " [ 0.          0.          1.        ]]\n",
      "19.948443588802704\n",
      "[4.29348449]\n",
      "4.0759192915675655\n",
      "---------\n",
      "[[-0.89678282 -0.44247098  0.        ]\n",
      " [ 0.44247098 -0.89678282  0.        ]\n",
      " [ 0.          0.          1.        ]]\n",
